0:
###
.##
##.

1:
#.#
###
#.#

2:
###
##.
#..

3:
###
..#
###

4:
..#
.##
##.

5:
###
###
..#

47x41: 44 53 51 41 43 63
37x49: 32 27 26 32 37 37
47x40: 49 58 46 46 40 48
40x47: 39 41 56 55 50 50
42x47: 61 51 40 54 49 47
49x45: 71 52 44 76 54 40
37x40: 39 35 33 40 40 41
41x45: 38 33 28 31 35 29
37x35: 22 16 28 22 21 23
40x49: 36 35 36 40 28 33
37x48: 56 34 52 42 41 48
45x49: 54 58 55 57 48 65
45x40: 42 40 54 50 45 47
44x44: 33 38 31 34 28 32
42x48: 54 61 45 53 50 46
36x40: 34 17 27 18 30 30
35x45: 44 46 39 43 36 33
42x44: 28 28 34 39 30 36
44x35: 24 20 30 22 28 30
48x36: 24 39 33 29 38 29
45x41: 43 49 52 50 44 46
42x43: 42 43 50 60 44 39
44x38: 30 28 27 26 31 25
39x47: 46 50 50 48 44 44
35x46: 24 37 19 25 30 30
36x39: 29 32 28 24 24 19
37x41: 26 25 21 24 34 26
44x37: 22 32 28 32 25 29
48x49: 47 44 42 33 41 48
49x38: 37 34 28 27 31 34
49x44: 55 39 56 53 72 62
37x40: 47 37 37 40 38 29
40x42: 34 53 46 43 39 43
46x36: 19 28 34 34 31 34
46x40: 37 27 31 39 25 35
37x38: 33 34 29 40 34 45
45x41: 23 41 35 38 21 36
38x50: 50 49 48 49 40 54
48x49: 33 46 53 42 41 41
43x42: 51 40 45 45 47 50
39x39: 29 26 22 29 30 32
36x47: 34 27 24 38 37 20
38x46: 27 29 32 32 32 28
39x41: 33 23 27 33 28 25
46x49: 41 33 39 39 50 38
45x45: 46 50 36 61 53 64
45x48: 51 60 52 57 41 67
46x45: 52 56 37 42 58 73
49x42: 28 42 37 35 43 39
43x46: 41 28 34 35 35 37
37x48: 51 47 36 46 56 39
39x44: 23 29 36 30 32 31
50x44: 61 49 57 59 57 56
48x42: 54 49 45 55 54 53
35x40: 35 34 36 41 26 41
45x37: 28 37 23 30 30 31
37x48: 38 24 34 36 27 33
41x48: 51 44 49 50 54 56
36x42: 20 18 32 31 31 36
39x42: 51 34 41 38 45 44
44x49: 45 48 43 64 61 71
36x41: 22 23 30 23 31 27
40x39: 40 51 39 30 47 35
50x36: 24 29 36 31 32 40
48x43: 40 59 56 55 49 58
35x38: 36 30 37 39 36 28
43x41: 58 37 36 55 41 42
42x36: 45 34 49 26 44 38
44x41: 31 18 37 26 32 37
38x49: 36 33 24 37 24 37
41x45: 51 57 49 41 42 43
46x44: 53 52 55 44 55 54
40x46: 44 39 53 48 47 53
36x39: 36 36 34 33 39 39
35x46: 25 33 31 22 25 29
38x36: 38 40 34 33 36 30
41x44: 31 25 37 21 38 30
38x48: 43 53 46 53 37 46
39x50: 46 56 48 54 54 43
44x45: 41 35 30 39 30 35
47x44: 60 51 53 44 55 56
45x37: 28 33 25 33 26 35
40x44: 26 30 37 23 32 34
36x45: 24 41 34 29 26 26
45x35: 37 40 38 34 53 44
45x38: 28 31 32 26 29 33
48x36: 32 32 24 20 45 38
38x37: 24 24 21 28 29 17
45x43: 56 41 56 39 47 59
45x39: 36 26 28 43 27 35
42x47: 62 55 45 57 47 36
50x41: 35 31 38 32 36 36
45x47: 54 61 56 58 55 42
36x35: 18 28 25 18 21 21
48x47: 41 41 49 40 43 25
50x44: 33 40 42 40 36 32
43x37: 30 26 27 23 34 28
45x41: 43 46 44 53 48 50
48x48: 38 42 46 46 35 49
50x39: 31 36 42 36 29 34
42x50: 34 38 44 41 27 39
50x45: 64 56 43 65 56 60
44x38: 39 37 37 48 47 50
46x43: 49 67 53 33 47 55
47x48: 33 39 39 30 50 49
37x44: 41 51 39 33 40 46
42x47: 53 63 45 50 47 44
49x44: 39 32 37 37 44 35
43x38: 22 32 38 23 22 31
36x48: 42 50 44 40 51 41
40x45: 28 27 40 27 33 40
38x38: 34 43 40 35 31 38
50x40: 49 61 43 49 69 41
45x35: 46 28 41 38 45 46
48x37: 41 52 50 42 45 44
50x37: 27 24 38 32 39 31
50x36: 52 42 45 47 46 45
44x44: 50 41 41 57 64 48
38x47: 31 32 30 29 30 27
45x44: 57 53 48 48 53 46
38x45: 30 24 36 31 29 29
38x35: 20 24 25 21 21 20
39x46: 43 49 47 42 48 48
36x50: 54 41 45 42 53 44
49x43: 42 30 45 36 33 38
49x35: 35 23 31 29 29 28
45x36: 54 36 37 36 39 46
48x48: 53 60 59 68 77 43
44x35: 39 38 40 45 32 41
45x42: 35 32 42 39 26 35
50x47: 60 64 52 60 68 59
38x42: 35 31 26 22 26 28
49x41: 47 58 46 55 49 53
37x39: 21 24 23 27 20 40
44x44: 56 48 52 49 41 50
41x36: 34 30 17 23 33 18
37x49: 29 32 38 35 27 30
40x49: 40 45 39 62 63 55
39x35: 34 50 29 34 41 23
50x41: 30 29 33 44 41 30
50x46: 55 49 61 64 50 73
49x38: 34 28 25 31 37 36
43x41: 24 34 30 30 30 34
36x46: 46 48 44 34 35 46
39x44: 38 49 45 40 49 45
42x44: 30 28 35 41 26 36
49x42: 39 42 41 32 41 29
40x35: 22 28 20 24 19 30
36x36: 29 35 30 32 26 45
39x39: 27 24 30 27 34 26
49x50: 44 35 47 46 40 44
39x49: 31 39 41 35 31 30
48x49: 54 56 55 64 62 71
35x49: 50 33 38 44 54 47
49x42: 62 44 47 50 53 60
44x40: 31 25 35 27 37 26
43x43: 48 45 40 47 48 56
44x35: 25 25 22 23 33 25
42x38: 54 43 53 36 36 24
44x35: 25 24 19 33 27 26
43x47: 30 41 31 29 40 39
50x49: 43 43 49 41 34 46
43x40: 30 33 23 34 28 33
43x50: 56 70 46 50 42 62
38x45: 47 50 43 44 40 38
36x39: 22 24 34 21 26 29
41x48: 57 45 50 57 37 53
41x39: 28 23 23 35 32 27
35x44: 23 24 24 28 26 29
50x36: 35 32 28 33 35 28
48x36: 24 35 42 37 27 26
46x40: 48 49 46 52 36 49
38x44: 21 29 30 25 37 25
42x50: 53 51 65 54 47 53
37x50: 40 47 42 55 57 46
41x42: 30 28 28 31 35 30
49x50: 40 58 33 47 45 33
43x46: 44 58 51 54 48 49
37x39: 23 26 24 32 20 30
38x39: 27 30 20 25 19 35
36x38: 32 22 19 23 25 23
50x37: 36 36 31 26 28 34
41x47: 39 29 27 34 34 31
42x41: 27 28 31 24 31 41
47x35: 24 28 23 34 30 25
42x35: 43 51 30 35 33 32
48x38: 26 31 43 27 31 33
47x50: 35 48 42 41 37 37
49x50: 63 71 55 71 59 56
36x35: 23 16 26 23 22 21
48x44: 32 47 35 40 32 37
37x49: 42 52 47 47 38 51
45x48: 43 36 29 50 35 47
43x40: 50 39 47 51 33 42
41x45: 32 33 35 25 37 33
48x35: 47 34 60 41 42 37
50x49: 58 56 65 76 64 59
44x48: 63 62 47 50 50 51
50x46: 49 52 58 65 55 74
35x47: 41 47 44 44 33 42
42x39: 40 43 40 59 31 36
36x50: 51 56 39 40 45 45
38x48: 27 32 33 27 36 37
36x47: 41 57 39 43 40 39
44x39: 47 43 47 40 49 40
48x37: 47 43 39 34 65 50
46x45: 50 57 59 52 44 55
49x50: 37 42 44 42 47 43
42x50: 50 59 58 43 58 57
43x48: 31 43 40 39 39 31
50x35: 21 37 36 28 28 25
42x41: 32 30 30 29 38 23
42x48: 49 53 44 51 64 52
43x38: 36 32 25 21 31 22
37x44: 20 33 32 26 34 23
43x39: 49 34 49 40 46 42
42x44: 54 53 45 50 47 35
44x38: 36 35 43 48 55 44
43x38: 37 51 35 39 47 43
39x47: 40 47 57 34 65 46
49x42: 31 37 38 39 41 37
49x41: 54 53 48 45 52 57
46x45: 54 62 51 53 45 51
46x49: 34 44 37 49 34 41
45x40: 32 34 38 32 29 29
35x43: 34 35 44 51 37 31
41x36: 44 28 43 49 37 27
48x48: 36 45 46 47 44 37
39x48: 46 28 32 33 35 33
40x36: 30 51 41 29 32 38
46x48: 42 29 47 39 38 45
44x46: 48 44 56 56 55 54
48x36: 43 39 43 52 44 45
43x41: 35 37 30 30 30 20
37x47: 46 50 46 51 37 36
36x50: 48 44 46 42 49 49
50x41: 45 59 46 55 54 56
36x35: 24 27 16 19 22 24
35x43: 29 18 19 35 29 24
42x42: 37 56 44 47 51 38
35x43: 25 28 27 28 14 32
49x39: 62 44 44 46 50 48
45x45: 43 48 66 66 42 46
40x40: 32 28 29 27 29 23
48x46: 34 36 39 48 43 39
37x44: 35 37 44 51 45 40
44x40: 30 30 26 35 20 40
43x37: 21 28 24 30 30 34
42x46: 43 51 39 51 53 60
42x46: 45 31 35 31 39 29
42x39: 29 28 27 33 26 38
45x47: 61 50 55 51 41 64
42x37: 25 27 30 29 27 29
37x42: 32 29 29 32 17 28
38x47: 41 21 38 29 31 19
50x35: 35 27 25 34 23 32
43x44: 48 50 52 49 38 52
36x36: 31 25 21 27 16 23
39x47: 43 53 44 48 44 49
36x40: 28 22 25 25 27 29
49x48: 63 55 66 61 60 58
49x49: 68 65 65 57 50 62
39x49: 42 34 31 30 40 31
39x36: 20 28 35 23 24 26
50x40: 45 61 49 45 63 48
48x49: 59 64 67 52 70 54
50x39: 43 49 48 51 57 54
50x39: 42 31 39 28 25 43
39x35: 33 36 30 29 44 40
44x49: 46 52 43 58 65 69
48x45: 37 33 36 43 43 48
50x45: 48 71 50 50 74 57
36x40: 28 26 24 27 25 26
37x47: 40 48 41 42 51 47
35x48: 39 37 47 50 42 44
36x43: 49 39 35 41 40 34
45x50: 37 35 41 37 45 44
47x37: 30 37 33 28 26 26
46x46: 40 39 36 37 37 36
44x40: 45 43 40 50 48 45
37x40: 27 44 40 39 40 39
38x38: 22 38 37 32 57 42
47x47: 59 50 61 63 44 60
45x41: 30 31 30 39 36 29
38x37: 30 23 17 18 33 23
35x40: 23 24 28 26 22 20
38x35: 20 34 38 36 36 42
49x46: 58 61 61 60 52 54
49x49: 60 58 59 66 53 71
45x45: 50 52 55 50 58 49
37x42: 27 27 33 24 30 27
48x44: 42 39 34 33 41 34
35x35: 30 28 25 36 32 37
47x48: 59 50 60 52 59 68
44x48: 43 35 40 40 35 31
45x38: 47 53 42 36 40 44
40x43: 52 42 34 54 36 43
47x50: 49 63 56 79 59 55
37x49: 45 45 43 46 55 47
50x35: 17 33 34 30 35 26
43x36: 41 34 28 59 47 30
45x48: 39 42 41 43 33 41
46x45: 46 59 56 56 52 50
45x48: 35 40 38 39 48 40
40x47: 32 37 26 34 36 30
36x46: 24 31 35 27 36 27
35x38: 22 28 17 17 17 31
36x49: 31 31 31 30 31 37
48x49: 50 62 67 62 57 64
39x36: 36 40 37 31 31 40
39x40: 41 43 40 41 36 38
44x38: 48 37 41 43 42 46
42x40: 30 32 24 32 40 24
49x36: 47 45 37 51 44 46
44x46: 55 48 44 53 61 52
46x35: 24 33 31 23 30 24
39x39: 38 27 49 40 43 40
42x41: 20 29 38 30 36 28
41x35: 18 20 21 33 24 27
42x46: 34 37 39 27 30 42
42x45: 41 33 39 32 28 37
37x46: 41 27 20 33 32 26
43x42: 55 39 51 50 50 35
40x48: 43 40 37 32 30 25
45x44: 35 32 38 36 32 37
37x42: 25 30 33 26 23 31
50x41: 50 34 25 32 33 34
37x38: 35 27 30 36 51 41
37x35: 35 25 34 26 42 40
49x48: 51 53 81 54 74 56
47x37: 29 22 32 32 30 34
42x45: 40 45 51 41 61 57
46x50: 65 49 66 46 62 68
38x41: 30 28 19 24 25 29
42x46: 53 49 58 34 51 54
38x35: 34 16 19 24 14 24
50x36: 31 32 32 28 38 31
39x48: 51 43 46 36 69 49
47x38: 39 45 53 49 46 44
48x46: 39 41 43 40 34 42
41x43: 24 32 29 33 33 30
46x40: 56 43 42 53 52 38
39x48: 29 36 39 36 33 34
36x39: 40 40 27 32 33 42
35x38: 30 40 27 30 38 40
42x35: 28 26 28 23 28 21
35x40: 20 25 22 35 20 20
44x41: 61 40 36 48 42 48
40x45: 43 43 58 44 40 49
38x46: 46 39 45 54 33 49
40x49: 52 43 50 50 58 51
50x49: 52 59 73 67 67 62
49x38: 32 33 26 38 29 34
41x40: 43 43 33 41 55 40
41x35: 30 24 20 30 16 23
45x49: 37 48 50 30 35 39
36x37: 34 27 33 38 27 44
35x35: 36 20 34 32 38 31
36x41: 36 30 38 40 47 39
40x45: 35 20 37 38 33 31
38x48: 27 27 33 38 29 38
40x40: 30 19 29 29 26 36
49x45: 52 47 53 69 43 71
50x46: 53 57 53 78 65 49
45x38: 39 30 28 23 31 29
46x39: 34 40 33 27 34 26
38x42: 25 23 33 29 33 25
46x46: 48 44 60 50 69 60
48x50: 64 61 66 53 65 62
44x35: 28 19 29 31 21 26
49x36: 36 33 37 34 25 26
35x43: 16 39 20 18 24 36
36x37: 26 25 27 18 26 22
37x38: 39 37 44 29 30 37
48x49: 45 42 44 42 41 41
40x47: 34 33 35 31 26 36
36x41: 28 56 31 34 36 41
39x47: 58 51 47 30 49 48
45x42: 35 36 40 47 27 25
46x44: 58 44 57 65 51 37
50x49: 50 57 64 70 62 74
45x49: 51 41 38 44 32 34
41x49: 19 36 29 44 38 42
38x47: 29 20 30 34 41 25
47x42: 39 35 31 36 35 33
46x43: 51 44 56 49 53 53
37x44: 38 38 46 54 40 35
40x47: 58 56 36 46 52 41
36x37: 16 30 21 29 20 27
39x38: 44 33 34 45 35 36
41x42: 25 35 30 31 25 36
50x35: 23 33 31 30 30 28
49x39: 43 44 53 55 50 50
45x43: 42 38 28 37 31 34
49x42: 53 48 46 55 50 63
50x43: 38 45 33 31 44 32
50x43: 49 62 47 57 59 57
45x38: 34 46 46 52 41 44
49x48: 44 44 37 46 42 42
50x36: 32 37 26 30 34 33
50x49: 41 40 37 45 51 41
38x48: 45 51 42 53 50 40
50x37: 33 29 30 36 40 24
50x36: 42 53 37 54 46 44
41x35: 42 32 44 40 33 30
44x39: 51 56 38 31 39 47
43x48: 32 36 37 41 41 37
49x40: 34 37 31 32 34 39
43x35: 41 39 29 39 47 38
42x49: 48 62 50 44 62 53
48x47: 44 33 40 49 40 33
47x45: 41 46 47 67 59 66
43x37: 42 35 46 38 41 44
38x39: 36 37 34 36 49 39
35x48: 36 27 29 27 24 32
47x44: 55 55 49 66 43 47
45x36: 30 29 32 31 32 25
46x46: 59 62 51 48 53 52
39x40: 27 42 40 32 39 60
48x35: 25 30 32 30 29 29
42x37: 39 36 44 39 36 45
36x39: 19 32 28 30 27 20
37x38: 23 26 28 21 29 17
44x42: 49 46 52 52 46 40
46x47: 44 34 35 39 39 34
46x47: 37 34 49 34 42 29
35x40: 31 33 42 38 44 31
45x44: 57 48 56 41 49 54
40x40: 45 34 50 37 46 37
46x45: 35 42 35 34 31 47
36x40: 29 34 35 40 42 43
39x48: 36 36 37 34 33 31
35x42: 49 25 34 42 38 38
36x35: 29 37 34 35 31 28
48x44: 63 52 44 59 59 48
37x41: 27 20 26 28 27 27
36x50: 25 40 30 36 36 25
45x38: 30 22 31 39 34 23
38x41: 17 18 25 30 26 39
41x50: 52 41 58 56 58 53
38x49: 29 38 33 30 30 32
43x46: 33 33 27 43 36 38
45x47: 62 57 51 47 50 57
35x35: 23 22 26 19 21 9
45x41: 47 45 38 54 44 54
46x40: 41 53 49 45 48 48
41x39: 44 41 44 32 45 42
50x46: 60 61 45 70 65 53
40x47: 43 42 44 52 45 62
44x47: 37 38 35 30 31 39
49x45: 44 36 40 46 37 36
40x46: 42 30 32 28 30 33
49x36: 43 47 41 51 45 44
46x43: 33 40 35 33 39 29
38x36: 41 37 36 28 32 36
43x37: 42 46 33 37 44 43
44x49: 59 54 59 57 36 62
48x37: 47 56 42 48 39 39
37x49: 43 43 47 46 56 47
49x45: 38 34 37 37 47 46
35x46: 52 40 48 37 35 35
39x45: 52 37 37 44 45 54
37x41: 43 38 34 37 35 45
44x44: 32 36 35 32 23 38
36x48: 31 35 25 42 33 26
35x48: 48 47 48 38 34 42
48x47: 31 45 45 33 47 39
48x36: 29 30 36 22 39 35
46x43: 52 52 49 53 46 51
40x48: 43 31 34 36 32 31
35x43: 30 22 24 32 24 21
50x39: 45 34 31 35 30 32
48x46: 61 53 53 53 45 71
50x38: 48 54 50 43 43 53
42x39: 53 36 36 42 47 39
50x36: 31 34 31 32 31 32
37x50: 44 43 51 55 43 48
42x46: 37 31 40 37 31 34
46x39: 44 54 41 39 41 55
45x47: 52 51 53 52 59 60
49x38: 45 52 53 39 35 60
48x47: 59 66 62 50 51 58
37x43: 39 31 45 36 39 55
48x42: 50 52 62 47 45 54
36x40: 30 34 26 22 19 25
37x36: 18 26 21 33 25 20
45x47: 30 39 42 36 37 41
43x42: 46 46 37 59 30 54
45x46: 46 42 56 57 53 65
42x47: 57 54 45 43 46 57
35x45: 30 22 24 37 24 28
46x42: 42 36 32 35 29 36
41x46: 51 49 40 49 48 52
41x41: 30 38 27 23 26 25
36x40: 37 29 32 33 33 56
42x38: 32 40 34 44 38 56
37x45: 41 47 42 41 45 41
45x37: 43 39 46 37 36 54
37x41: 26 20 25 25 36 24
50x37: 31 36 31 36 30 28
49x47: 40 38 37 40 47 37
35x39: 40 26 21 42 44 38
45x39: 42 25 41 22 35 30
36x50: 48 51 52 49 50 29
36x48: 39 31 37 31 30 24
43x43: 26 43 32 26 24 44
47x36: 33 36 25 25 36 25
43x37: 54 41 39 35 38 37
49x44: 58 56 49 53 55 60
38x46: 25 33 42 25 25 30
48x39: 41 36 33 33 31 33
41x48: 36 35 38 33 36 29
44x45: 47 49 42 52 49 64
41x41: 49 42 42 43 44 39
48x42: 51 50 53 55 56 47
39x41: 32 27 28 25 32 24
46x49: 51 65 64 56 61 52
38x48: 34 36 30 36 25 31
36x35: 38 34 29 34 33 26
45x41: 34 35 32 38 30 26
44x46: 43 37 38 25 29 37
50x38: 35 28 32 23 37 37
48x49: 64 67 65 62 57 47
46x48: 48 50 67 57 58 62
41x40: 30 30 23 26 25 35
44x47: 33 40 26 35 42 33
37x48: 53 49 30 39 41 58
45x39: 23 27 34 39 36 35
49x47: 57 71 48 58 55 63
45x42: 38 24 36 39 35 37
38x46: 19 35 27 29 29 41
49x47: 52 64 58 49 64 69
44x40: 35 17 34 32 34 29
36x39: 24 26 29 19 26 31
35x47: 26 26 31 33 22 27
42x48: 40 40 31 40 32 41
46x46: 35 41 37 38 39 34
49x35: 27 31 29 25 26 38
43x40: 53 44 51 37 44 37
36x37: 29 32 40 43 38 25
44x39: 42 47 39 46 46 44
39x43: 31 27 31 32 27 33
43x38: 42 45 48 47 43 28
39x40: 26 29 27 28 30 29
46x44: 29 31 36 45 26 42
50x40: 42 54 54 48 46 63
36x46: 31 28 25 31 36 29
37x46: 46 41 43 42 44 46
49x37: 46 48 43 55 41 44
36x48: 44 46 44 48 44 40
38x41: 32 33 47 43 43 44
37x38: 41 42 30 32 34 36
40x46: 25 37 38 37 22 35
40x47: 59 43 33 54 50 49
36x37: 30 17 26 24 21 25
48x46: 40 37 39 56 38 30
38x46: 23 25 32 33 28 38
39x35: 21 28 26 20 22 25
41x36: 37 42 35 31 41 42
43x38: 35 29 28 27 23 26
44x47: 50 51 54 53 44 64
49x48: 52 72 60 63 57 57
50x35: 38 58 55 36 38 44
41x45: 45 49 51 49 55 38
49x36: 49 50 50 39 47 38
49x38: 23 30 30 41 30 37
35x45: 30 26 32 29 29 18
41x37: 33 19 30 28 27 19
48x38: 47 44 42 48 49 51
47x48: 38 41 38 39 34 50
43x50: 52 64 53 51 52 58
37x42: 35 41 50 34 40 41
40x43: 35 43 49 44 49 47
36x42: 30 23 23 30 34 27
44x49: 33 34 41 44 32 40
46x42: 48 35 46 50 57 63
42x43: 40 47 58 45 43 46
41x43: 46 52 42 42 42 46
44x35: 26 27 26 27 23 25
44x42: 32 31 28 32 31 41
44x49: 65 57 50 52 48 57
40x35: 37 33 41 38 34 33
36x40: 36 32 42 38 24 47
47x35: 31 30 23 29 19 32
45x48: 51 33 36 44 38 37
42x39: 39 43 42 43 38 46
40x41: 39 39 43 45 43 44
48x41: 39 29 28 39 41 32
37x48: 53 52 45 43 40 39
42x49: 35 27 35 40 39 47
42x39: 45 36 53 43 43 34
40x47: 35 35 32 32 29 32
47x37: 34 21 31 29 32 33
47x43: 31 36 30 41 35 37
47x37: 25 34 27 36 27 30
40x41: 39 57 32 41 42 40
38x39: 18 25 30 20 41 22
49x36: 31 37 31 28 29 36
46x47: 52 59 58 57 54 53
46x40: 55 51 51 47 41 37
38x47: 39 44 45 51 53 45
41x50: 40 43 33 26 32 33
48x36: 48 40 41 46 46 45
48x43: 39 34 40 37 28 46
38x50: 59 34 49 59 57 37
41x50: 44 57 53 59 54 49
38x37: 40 28 30 37 44 39
47x38: 37 37 50 54 54 46
49x43: 37 56 59 59 53 61
41x38: 22 39 17 23 30 25
35x47: 29 23 31 31 22 29
39x44: 43 37 40 45 48 52
40x42: 31 37 24 29 28 33
36x37: 27 24 22 25 31 15
37x42: 47 51 41 33 38 29
49x47: 57 63 60 68 56 50
39x46: 43 40 51 48 42 52
40x42: 34 35 22 22 36 32
42x45: 45 44 45 58 47 51
39x43: 23 24 39 38 29 29
37x50: 30 39 24 31 32 35
47x46: 36 38 40 32 35 43
36x44: 31 31 24 21 38 22
46x48: 53 58 48 59 64 59
48x38: 23 37 33 32 30 36
47x44: 47 63 48 50 58 53
50x44: 50 30 34 44 38 27
38x41: 24 23 26 21 31 30
43x39: 32 42 40 38 50 58
48x40: 39 36 34 30 33 36
38x36: 18 28 25 23 23 27
45x42: 32 38 40 25 38 37
48x36: 32 29 38 31 36 26
43x50: 51 57 59 65 56 44
40x40: 40 42 42 42 39 41
48x37: 48 55 43 43 48 37
43x44: 52 48 54 42 58 41
47x46: 68 58 55 50 52 49
36x46: 33 26 35 31 32 22
42x49: 51 57 64 43 54 50
35x36: 28 27 49 32 30 30
38x40: 30 22 23 33 22 25
35x39: 28 31 21 15 22 26
46x38: 25 16 35 34 39 30
40x39: 39 46 33 44 42 36
50x42: 47 53 43 58 65 59
47x36: 28 28 24 31 36 32
36x39: 32 39 36 35 39 36
42x36: 28 33 19 34 29 25
46x39: 43 39 51 56 43 44
47x35: 26 30 31 29 16 33
49x41: 42 52 47 51 59 60
47x40: 34 33 35 28 34 30
46x36: 45 37 51 43 48 34
40x43: 29 28 35 29 32 29
37x38: 44 41 35 45 31 19
43x35: 20 26 23 29 28 27
49x38: 28 34 24 30 43 32
46x35: 32 29 31 23 28 22
40x45: 47 41 41 49 45 53
44x50: 53 62 50 65 47 58
44x38: 40 31 50 44 48 47
41x46: 27 30 38 44 29 27
50x38: 28 29 30 29 38 37
45x50: 38 38 44 40 43 37
37x36: 27 47 30 34 36 31
49x39: 39 47 59 62 50 39
42x45: 35 25 32 42 33 43
50x44: 55 47 54 56 59 68
38x38: 27 19 25 28 28 17
50x35: 25 30 34 25 35 26
38x39: 32 42 36 44 48 29
40x37: 40 33 42 36 43 36
45x41: 36 32 31 34 28 34
50x46: 32 39 33 49 50 36
40x41: 36 30 23 27 29 24
46x40: 31 27 30 47 27 32
37x45: 29 27 29 39 23 33
50x49: 61 76 58 61 64 57
38x35: 15 26 27 25 18 20
40x38: 36 37 44 45 39 34
43x43: 43 54 42 52 51 43
47x38: 36 32 29 27 29 26
40x50: 40 37 29 29 33 39
38x41: 22 17 30 26 36 25
41x39: 33 40 45 44 38 46
49x46: 45 39 33 42 47 33
50x41: 35 31 34 35 39 33
43x44: 33 33 46 31 29 24
49x40: 42 60 52 53 47 47
46x36: 40 41 50 36 42 47
46x50: 74 44 72 56 56 53
49x49: 60 65 60 60 70 57
41x45: 31 26 44 36 27 31
35x45: 43 42 44 43 37 33
48x49: 39 35 54 46 37 45
49x44: 56 61 63 49 52 51
44x41: 53 57 39 44 50 35
41x45: 48 40 49 58 49 41
43x50: 42 32 48 36 38 28
47x44: 37 26 30 42 36 38
39x43: 47 48 45 37 44 38
39x46: 24 28 29 35 42 37
41x40: 26 32 31 30 30 20
37x46: 48 45 38 38 49 45
37x40: 33 40 35 41 40 39
46x47: 40 38 56 30 32 28
47x40: 34 53 47 54 57 47
39x48: 39 26 40 38 33 32
37x43: 36 48 44 42 29 43
46x42: 49 45 49 50 65 44
41x43: 51 49 49 37 49 38
40x44: 45 48 41 45 47 45
48x43: 39 36 40 34 34 41
35x43: 35 51 43 32 30 39
43x42: 32 37 24 38 26 38
35x45: 33 25 36 26 22 23
39x48: 42 29 36 39 32 29
38x42: 41 32 43 40 37 52
45x48: 43 50 31 27 40 49
41x45: 23 37 29 36 29 41
46x50: 42 37 36 42 48 34
44x43: 37 34 37 29 29 30
41x46: 53 42 51 59 38 45
50x47: 53 61 50 75 63 59
38x36: 21 27 19 29 18 29
38x44: 43 41 51 41 44 39
38x44: 31 29 20 26 28 33
43x36: 43 47 32 28 45 44
38x45: 27 35 23 28 34 33
45x44: 50 51 45 47 47 63
40x39: 50 48 34 35 31 39
40x41: 37 40 43 41 47 46
36x40: 43 24 36 34 48 40
35x45: 39 39 42 44 38 40
47x38: 53 46 39 45 46 45
48x40: 62 60 49 26 47 51
48x35: 46 40 46 46 39 41
40x38: 30 27 30 16 22 30
48x35: 46 42 43 43 48 38
48x47: 49 59 53 62 48 73
38x42: 26 28 35 28 22 28
49x46: 36 43 42 35 47 37
37x41: 39 20 29 27 22 18
35x35: 29 21 21 17 15 17
41x41: 41 52 39 44 39 42
41x37: 46 37 36 46 28 37
48x40: 31 42 26 39 34 36
42x44: 52 42 43 53 48 46
43x48: 59 55 48 47 60 50
49x46: 48 64 60 64 63 50
44x37: 46 47 38 40 48 33
43x37: 31 28 19 38 30 21
38x46: 31 33 31 25 25 34
48x40: 51 55 45 36 49 59
39x48: 35 40 40 35 34 24
39x36: 34 38 39 37 30 37
43x37: 39 22 19 29 19 40
37x40: 27 31 26 27 16 28
38x37: 26 16 29 26 28 19
40x40: 39 36 41 43 47 42
41x37: 23 24 27 32 27 23
42x47: 37 51 41 63 59 54
44x48: 38 32 36 37 37 43
36x42: 26 34 24 32 32 20
35x44: 25 17 29 22 32 28
48x46: 48 48 39 70 72 65
49x43: 55 68 54 53 49 44
36x40: 47 39 31 38 37 29
46x40: 39 36 32 28 29 31
44x43: 48 54 38 50 46 53
35x41: 41 34 39 38 32 36
37x41: 42 40 41 40 35 35
45x38: 47 44 38 41 39 52
38x38: 32 40 42 48 33 27
40x50: 33 28 33 41 37 35
41x39: 53 44 36 41 32 37
48x47: 73 46 56 66 61 46
39x45: 49 40 57 36 45 45
47x46: 51 56 52 67 47 57
44x44: 47 51 54 54 40 50
48x44: 60 56 54 56 46 51
43x40: 24 17 37 36 32 35
42x46: 37 34 35 34 37 32
45x49: 63 52 54 57 60 54
38x44: 25 32 35 33 16 27
35x40: 22 19 21 23 30 28
40x46: 41 53 46 43 53 49
44x43: 28 22 34 40 31 41
39x41: 38 39 39 35 59 41
37x37: 38 31 48 34 26 33
41x41: 33 26 23 32 34 21
38x36: 28 27 20 13 30 26
50x44: 26 37 43 35 45 37
41x39: 32 39 41 35 61 44
49x39: 41 49 55 54 49 47
46x49: 37 36 43 40 41 43
39x47: 46 61 51 31 47 47
46x46: 39 35 46 38 39 28
46x43: 27 36 34 40 31 41
50x44: 33 43 37 32 36 42
45x48: 41 33 43 42 38 43
50x40: 43 49 62 55 46 53
39x41: 33 45 46 32 52 42
36x49: 35 31 29 24 32 40
46x46: 44 68 58 50 50 55
39x36: 31 44 43 43 25 28
41x38: 24 24 25 30 27 26
46x45: 32 36 44 42 33 38
41x38: 21 24 28 31 25 26
46x46: 39 29 43 41 37 35
38x42: 33 44 42 39 38 49
42x50: 57 53 50 47 54 62
47x38: 49 52 39 39 53 44
35x39: 28 31 17 25 16 26
50x49: 74 56 69 53 56 68
35x39: 21 26 22 27 27 19
41x46: 56 40 47 49 44 53
40x35: 34 42 36 31 48 28
41x49: 32 26 33 40 39 37
38x35: 18 23 18 23 27 23
36x44: 35 43 42 40 40 44
44x47: 64 50 69 36 36 61
48x43: 34 41 41 29 46 32
43x39: 52 44 39 30 51 44
50x37: 33 30 39 21 40 29
50x49: 63 67 49 64 66 67
45x35: 30 24 28 29 26 28
49x38: 34 34 32 29 30 32
35x36: 21 22 30 19 16 23
46x37: 22 32 21 32 33 40
36x42: 28 30 29 34 32 14
44x36: 51 48 39 38 41 27
48x38: 41 26 25 30 33 36
41x43: 29 38 31 35 26 23
42x50: 33 32 47 32 45 35
47x44: 30 31 44 40 31 34
49x45: 55 59 63 49 58 57
42x41: 32 31 26 21 36 35
45x41: 47 50 43 50 52 43
45x48: 63 55 61 47 50 56
47x36: 25 33 32 31 30 29
47x40: 54 50 47 39 47 52
38x44: 32 20 20 34 34 27
46x50: 33 47 45 30 48 36
44x39: 29 24 28 33 33 34
48x38: 56 42 43 46 53 42
50x38: 38 48 58 52 42 54
44x46: 30 39 33 42 32 34
44x39: 52 36 41 48 52 37
36x37: 22 18 19 27 27 31
45x41: 39 52 47 38 61 51
36x44: 26 20 35 26 31 29
36x46: 30 33 31 20 29 37
48x48: 62 64 65 56 50 56
40x50: 36 29 34 32 39 37
47x38: 23 34 31 38 31 23
41x37: 37 33 39 36 51 41
43x37: 49 33 32 43 42 45
45x46: 39 33 42 34 41 36
46x42: 45 47 50 47 51 58
44x44: 54 39 51 50 56 50
45x44: 49 57 47 62 39 47
42x38: 29 29 34 23 22 30
46x49: 40 36 47 40 40 36
47x48: 45 34 33 39 50 39
45x44: 53 42 46 58 53 53
46x46: 57 51 59 52 67 44
38x48: 42 52 45 47 38 54
39x49: 56 44 44 51 50 49
38x39: 22 23 30 28 19 33
41x36: 30 22 28 22 28 25
38x35: 38 30 30 35 40 33
39x35: 19 21 30 22 24 26
43x39: 43 34 58 36 52 40
46x35: 27 23 23 28 29 34
35x43: 41 28 45 37 40 42
36x38: 19 24 21 24 31 24
46x43: 49 53 52 43 48 59
38x41: 39 39 36 37 46 44
44x50: 56 48 58 52 49 74
41x37: 22 29 20 22 31 31
49x43: 38 39 36 34 40 36
42x40: 40 41 45 42 47 45
35x39: 36 29 35 29 37 45
42x47: 42 54 36 64 51 55
47x45: 40 42 39 31 36 36
46x42: 32 31 36 31 36 44
47x38: 33 29 33 23 28 33
36x46: 27 31 23 32 26 41
49x39: 35 35 39 29 35 35
37x50: 51 55 54 41 59 29
48x47: 56 56 67 68 48 51
35x46: 42 41 36 39 44 46
38x36: 18 37 17 21 28 23
43x50: 30 38 34 42 40 40
38x48: 32 31 37 36 24 31
47x49: 74 63 54 53 53 55
50x43: 37 32 42 37 38 37
46x37: 29 22 32 30 38 28
36x36: 25 23 19 22 26 29
38x37: 41 35 34 34 45 30
40x39: 28 27 24 34 31 25
50x37: 36 32 29 34 32 29
37x50: 23 42 29 33 38 26
38x48: 37 41 56 45 49 55
35x50: 29 26 29 21 39 32
41x47: 47 47 41 52 55 55
36x36: 26 30 24 20 28 16
42x44: 44 44 52 46 46 53
35x47: 24 26 35 30 22 28
48x48: 63 54 70 65 55 48
43x39: 35 42 41 51 43 46
39x35: 42 34 26 37 39 32
46x43: 36 35 24 40 40 35
37x49: 25 32 32 36 27 39
46x41: 35 53 56 50 53 46
49x41: 31 29 40 37 35 35
35x47: 25 33 28 26 25 27
47x44: 36 32 44 38 29 30
35x38: 37 37 43 35 34 20
39x47: 48 36 56 47 52 46
38x37: 25 18 24 22 27 28
45x41: 61 51 51 41 48 33
47x36: 40 34 46 35 61 50
46x40: 38 26 31 34 33 33
49x36: 52 49 47 35 42 46
50x46: 33 50 39 40 48 30
47x40: 33 26 44 31 30 31
44x35: 36 39 36 55 27 40
39x39: 24 23 28 37 31 26
37x38: 33 37 43 32 30 41
39x35: 25 37 38 39 46 29
40x50: 36 25 39 40 33 34
49x35: 48 49 38 51 40 36
36x37: 22 25 19 27 23 27
48x44: 57 66 61 36 43 60
48x40: 31 36 29 34 41 36
41x47: 30 32 40 35 34 24
37x38: 33 41 24 36 40 42
46x35: 38 40 40 40 46 45
38x44: 23 32 22 30 28 32
49x45: 36 40 49 38 38 38
44x43: 50 53 53 45 45 45
42x43: 33 52 48 48 49 49
48x38: 29 37 32 33 30 31
40x37: 27 39 40 36 47 42
48x41: 39 23 33 38 44 31
38x40: 35 32 23 20 25 20
42x45: 32 36 36 44 28 33
46x42: 32 32 39 41 36 29
45x43: 36 27 34 38 44 31
45x38: 30 43 29 27 25 26
42x46: 32 34 37 31 43 32
35x50: 26 29 26 32 32 30
43x42: 38 46 25 37 23 27
42x46: 40 55 45 50 50 57
49x47: 36 30 42 47 39 46
42x48: 51 65 55 49 52 39
35x47: 49 45 32 41 43 42
42x50: 45 34 41 25 39 39
50x42: 26 36 35 47 46 33
42x43: 44 50 46 40 50 49
42x47: 28 30 36 39 41 36
41x45: 34 27 36 33 30 34
36x38: 26 24 17 31 25 20
46x49: 70 56 51 53 61 56
45x41: 32 34 28 35 31 34
36x47: 26 27 28 28 35 35
42x43: 41 44 53 42 50 50
39x42: 51 36 41 44 38 41
39x44: 40 55 40 46 48 36
38x39: 30 20 21 28 26 31
38x48: 43 21 34 39 31 23
41x42: 53 34 55 48 45 32
50x40: 41 28 37 37 28 37
38x43: 35 46 39 47 30 51
46x48: 43 40 40 34 41 42
50x50: 50 59 65 75 61 74
50x45: 59 64 62 52 61 50
39x45: 24 26 38 28 33 45
42x38: 35 27 24 28 32 21
42x36: 24 24 24 40 26 30
47x45: 62 57 49 58 51 47
46x46: 32 31 37 46 42 36
46x50: 40 37 37 44 42 39
41x43: 58 42 47 42 39 42
36x36: 29 29 39 34 28 40
41x40: 26 33 28 28 25 28
38x42: 34 27 26 33 22 25
46x39: 55 40 47 38 38 56
43x44: 32 34 32 41 27 30
48x39: 33 38 31 43 29 34
38x50: 36 41 68 56 51 44
40x39: 26 22 31 24 33 32
44x37: 37 20 27 32 28 23
48x49: 43 35 35 51 38 54
35x49: 35 29 28 28 30 25
46x50: 56 66 55 59 50 65
46x42: 31 36 40 35 31 37
